[Header]
TITLE,H20250604(P250415 HPHT 475C 6GPa 3.5h YBCO7).dat
BYAPP,HeatCapacity,3.9.11,1.7
INFO,8.45,MASS:Sample Mass (mg)
INFO,0.05,MASSERR:Sample Mass Error (mg)
INFO,666.22,MOLWGHT:Formula Weight (g/mole)
INFO,13,ATOMS:Atoms per Formula Unit
INFO,PPMS Heat Capacity Option 3.9.11 Build 2,APPNAME
DATATYPE,TIME,1
DATATYPE,COMMENT,2
STARTUPAXIS, X, 8, LINEAR, AUTO
STARTUPAXIS, Y1, 10, LINEAR, AUTO
[Data]
Time Stamp (Seconds),Comment (),System Status (Code),Puck Temp (Kelvin),System Temp (Kelvin),Field (Oersted),Pressure (Torr),Sample Temp (Kelvin),Temp Rise (Kelvin),Samp HC (mJ/mole-K),Samp HC Err (mJ/mole-K),Addenda HC (µJ/K),Addenda HC Err (µJ/K),Total HC (µJ/K),Total HC Err (µJ/K),Fit Deviation (ChiSquare),Time Const tau1 (seconds),Time Const tau2 (seconds),Sample Coupling (Percent),Debye Temp (Kelvin),Debye Temp Err (Kelvin),Cal Correction (Factor),Therm Resist (Ohms),Htr Resist (Ohms),Puck Resist (Ohms),Wire Cond (W/K),Meas Time (seconds),Temp Squared (K^2),Samp HC/Temp (mJ/mole-K/K),Addenda Offset HC (µJ/K)
20726073.66,CALFILE: C:\QdPpms\HEATCA~1\TempCal\Standard\Puck1218.cal|Addenda #28 measured on 6/3/2025 from 1.976 to 298.86 K
20726073.81,,5905,2.00152,1.9738,-0.696,9.4E-6,1.9923649,0.022030246,34.165258,0.2407,0.19406856,0.001488,0.62740355,0.001657,0.58867607,0.37556407,0.0021662483,97.302624,180.17827,0.5846,1,,,,1.6927851E-6,0.74644968,3.969518,17.148092,0
20726098.47,,5905,2.00215,1.9742,-0.696,9.3E-6,1.9931157,0.022090642,34.106237,0.2369,0.19426461,0.001487,0.626851,0.001573,0.62615834,0.37453452,0.0021494982,97.319029,180.35008,0.5741,1,,,,1.6957661E-6,0.75112814,3.9725103,17.11202,0
20726123.53,,5905,2.00119,1.9732,-0.696,9.3E-6,1.992341,0.021946887,34.218162,0.2397,0.19403906,0.001488,0.62804504,0.001628,0.3457877,0.36989428,0.0019875355,97.485421,180.08321,0.58,1,,,,1.7189331E-6,0.74906904,3.9694226,17.174852,0
20726420.56,,5905,2.17046,2.1461,-0.696,9.3E-6,2.1575479,0.022354573,35.958719,0.2603,0.24181526,0.001356,0.6978976,0.001334,0.87050568,0.36257335,,,191.81719,0.6444,1,,,,1.9248453E-6,0.73978856,4.6550131,16.666475,0
20726444.88,,5905,2.16983,2.1454,-0.696,9.4E-6,2.15619,0.022705072,35.852157,0.2433,0.24138103,0.001356,0.69611179,0.001512,0.6785069,0.36998441,0.0022082965,97.374473,191.8862,0.591,1,,,,1.903242E-6,0.72514669,4.6491555,16.62755,0
20726484.91,,5905,2.16869,2.1444,-0.696,9.4E-6,2.1555893,0.022339317,35.912644,0.2575,0.24121545,0.001357,0.6967134,0.001251,1.6139147,0.36196815,,,191.72498,0.6366,1,,,,1.924792E-6,0.73996883,4.6465652,16.660244,0
20726775.81,,5905,2.35012,2.3251,-0.696,9.1E-6,2.3316772,0.022198558,41.961804,0.3312,0.29769143,0.001431,0.82991389,0.002781,3.0221631,0.37368709,0.0017414579,97.981087,196.89995,0.7302,1,,,,2.2397881E-6,0.72393629,5.4367188,17.996403,0
20726800.28,,5905,2.34929,2.3244,-0.696,9.1E-6,2.3306822,0.022748918,41.872331,0.3357,0.29744719,0.00143,0.82853481,0.002873,11.389027,0.38677381,0.0043437062,95.157469,196.95601,0.7424,1,,,,2.1874799E-6,0.74737419,5.4320793,17.965698,0
20726824.8,,5905,2.34855,2.3236,-0.696,9.4E-6,2.3302405,0.02318657,41.758398,0.3273,0.29728143,0.00143,0.82692399,0.002723,8.0907036,0.38572497,0.0045535674,94.914886,197.09761,0.7255,1,,,,2.1915114E-6,0.77354761,5.4300209,17.920209,0
20727117.88,,5905,2.54403,2.521,-0.696,9.3E-6,2.5221524,0.023749543,47.682761,0.3758,0.36695042,0.001694,0.97173462,0.003149,19.971042,0.41082602,0.0026781673,97.242758,204.10142,0.7556,1,,,,2.3914699E-6,0.77144995,6.3612529,18.905583,0
20727142.13,,5905,2.54282,2.5201,-0.696,9.3E-6,2.521889,0.024718614,47.601603,0.3762,0.36683098,0.001694,0.97058581,0.003164,16.726188,0.41166952,0.0026189001,97.30989,204.19602,0.7583,1,,,,2.3830656E-6,0.82165205,6.3599241,18.875376,0
20727166.36,,5905,2.54222,2.5193,-0.696,9.4E-6,2.5208891,0.024793247,47.410393,0.3715,0.36651628,0.001693,0.9678459,0.003088,9.8852706,0.41891299,0.0055142137,94.469927,204.3891,0.7519,1,,,,2.3632945E-6,0.82333904,6.3548821,18.807012,0
20727468.59,,5905,2.7526,2.7338,-0.696,9.3E-6,2.7255557,0.026073763,52.610381,0.3843,0.45358061,0.00197,1.1208643,0.002858,6.4089216,0.43558738,0.0024580665,97.673093,213.44842,0.7251,1,,,,2.5950761E-6,0.83782598,7.4286539,19.302625,0
20727493.33,,5905,2.75204,2.7332,-0.696,9.3E-6,2.7252165,0.026689123,52.623339,0.3906,0.45341297,0.00197,1.120861,0.002992,3.6673385,0.43622916,0.0024717611,97.663341,213.40433,0.739,1,,,,2.5913557E-6,0.87117476,7.4268048,19.309783,0
20727517.75,,5905,2.75152,2.7326,-0.696,9.3E-6,2.7243167,0.026760633,52.594807,0.389,0.45310987,0.001969,1.120196,0.00296,9.7916478,0.44686945,0.005723262,94.75942,213.37245,0.7357,1,,,,2.556578E-6,0.87245832,7.4219016,19.305687,0
20727827.53,,5905,2.97981,2.9632,-0.696,9.3E-6,2.9461691,0.028456073,56.885313,0.4124,0.56418836,0.002365,1.2856931,0.003022,4.3743442,0.46644572,0.0055293314,95.267681,224.79467,0.7566,1,,,,2.8000062E-6,0.89373891,8.6799121,19.308231,0
20727852.7,,5905,2.97886,2.9621,-0.696,9.4E-6,2.9461005,0.029205219,56.967526,0.4183,0.56397928,0.002364,1.2865268,0.003141,5.2013777,0.45830376,0.0019279481,98.301945,224.68126,0.7681,1,,,,2.8225086E-6,0.93289143,8.6795081,19.336586,0
20727877.66,,5905,2.97843,2.9619,-0.696,9.4E-6,2.945402,0.028944791,56.665663,0.4177,0.56362615,0.002363,1.282345,0.00316,8.9870864,0.45877275,0.0021971482,98.069651,225.02615,0.7729,1,,,,2.8125304E-6,0.91660752,8.6753929,19.238686,0
20728191.59,,5905,3.22507,3.2109,-0.696,9.4E-6,3.1856364,0.030254559,60.772538,0.4502,0.70472888,0.002893,1.4755372,0.003436,1.5439489,0.4772681,0.0017231033,98.562344,237.76915,0.8214,1,,,,3.1039828E-6,0.91754549,10.148279,19.077048,0
20728217.31,,5905,3.22453,3.2102,-0.696,9.1E-6,3.1851957,0.030991394,60.871471,0.449,0.70462868,0.002892,1.4766919,0.003401,2.9100834,0.4907187,0.0058703327,95.304608,237.6074,0.8167,1,,,,3.0502672E-6,0.95453621,10.145472,19.110747,0
20728242.53,,5905,3.2243,3.2101,-0.696,9.4E-6,3.1850961,0.031494361,60.848883,0.4529,0.70456658,0.002892,1.4763433,0.003486,3.8541082,0.49217676,0.0062943463,94.987484,237.62936,0.8256,1,,,,3.0434465E-6,0.9814374,10.144837,19.104254,0
20728561.92,,5905,3.49089,3.4774,-0.696,9.4E-6,3.4452135,0.032990774,65.37725,0.5028,0.88560054,0.003517,1.7148128,0.004073,1.4500887,0.50836738,0.0010758992,99.156327,250.95878,0.9047,1,,,,3.3799015E-6,0.98435352,11.869496,18.976255,0
20728587.84,,5905,3.4902,3.4767,-0.696,9.4E-6,3.4447072,0.032889927,65.826898,0.5793,0.88536381,0.003516,1.7202791,0.004149,1.714068,0.50392764,,,250.34927,1.035,1,,,,3.4137424E-6,1.0167348,11.866008,19.109577,0
20728613.38,,5905,3.48983,3.4765,-0.696,9.3E-6,3.4439669,0.033335699,65.29282,0.4999,0.88491904,0.003515,1.7130604,0.004023,1.242227,0.51826428,0.0061464863,95.366239,250.97606,0.9003,1,,,,3.3433696E-6,1.0078553,11.860908,18.958608,0
20728944.47,,5905,3.7773,3.7682,-0.696,9.3E-6,3.7274254,0.035145936,70.963966,0.5207,1.110844,0.003683,2.0109153,0.003905,1.6221778,0.55070542,0.0062417698,95.53725,264.19511,0.9019,1,,,,3.6860938E-6,1.0365286,13.8937,19.038333,0
20728970.05,,5905,3.77703,3.7679,-0.696,9.4E-6,3.7278988,0.036454317,70.782519,0.5221,1.1113375,0.003681,2.0091074,0.003955,1.8063773,0.55010612,0.0061534932,95.592969,264.45425,0.9087,1,,,,3.686222E-6,1.1014108,13.89723,18.987242,0
20728995.73,,5905,3.77665,3.7675,-0.696,9.4E-6,3.7275538,0.036442682,70.664189,0.5196,1.1110623,0.003682,2.0073314,0.003912,2.2622825,0.5507352,0.0065102477,95.349076,264.57729,0.906,1,,,,3.6806931E-6,1.1002122,13.894657,18.957255,0
20729331.98,,5905,4.0897,4.0798,-0.696,9.4E-6,4.0346228,0.037766545,77.179405,0.5406,1.3898716,0.003281,2.3687765,0.003669,1.9956884,0.59086007,0.0067495569,95.429498,278.0771,0.8954,1,,,,4.0422042E-6,1.1014704,16.278181,19.129274,0
20729357.94,,5905,4.08899,4.0794,-0.696,9.3E-6,4.0350083,0.039437526,76.923507,0.5374,1.3904643,0.003282,2.3661234,0.003624,3.1453493,0.59041509,0.0069171224,95.313415,278.41169,0.8933,1,,,,4.0414644E-6,1.1817201,16.281292,19.064027,0
20729383.86,,5905,4.08877,4.0792,-0.696,9.3E-6,4.0345976,0.039419781,77.102779,0.5377,1.3900514,0.003281,2.3679843,0.003609,1.941167,0.59132889,0.0067591414,95.425952,278.16744,0.8903,1,,,,4.0376323E-6,1.1808302,16.277978,19.110401,0
20729887.14,,5905,4.42345,4.4301,-0.696,9.3E-6,4.3687929,0.04071809,82.240439,0.6892,1.7635881,0.005731,2.8066845,0.00619,0.49647859,0.64150772,0.0082642999,94.693892,294.80047,1.162,1,,,,4.4094446E-6,1.1826578,19.086351,18.824522,0
20729913.3,,5905,4.42145,4.4285,-0.696,9.4E-6,4.3684283,0.042762605,82.197004,0.6803,1.763354,0.005729,2.8058995,0.006032,0.7021477,0.63140008,0.0075050968,95.089358,294.82779,1.148,1,,,,4.4759992E-6,1.2830154,19.083166,18.81615,0
20729938.86,,5905,4.42332,4.4331,-0.696,9.4E-6,4.3698965,0.042590573,82.778276,0.6887,1.7653073,0.005745,2.8152254,0.00614,1.2325772,0.65356706,0.0081906607,94.839396,294.23493,1.152,1,,,,4.3404945E-6,1.2628002,19.095995,18.942846,0
20730154.59,,5905,4.7837,4.806,-0.696,9.3E-6,4.7234223,0.044287886,91.453689,0.8895,2.2118105,0.008495,3.3717632,0.008954,0.71442509,0.71199907,0.009482377,94.351564,307.64624,1.394,1,,,,4.7696372E-6,1.3071341,22.310718,19.361743,0
20730183.48,,5905,4.78314,4.8023,-0.696,9.4E-6,4.7244717,0.046624649,91.292778,0.878,2.2132304,0.008499,3.3711422,0.008779,1.35503,0.68345934,0.0071185177,95.538013,307.89528,1.381,1,,,,4.9599347E-6,1.4239981,22.320633,19.323383,0
20730209.75,,5905,4.78833,4.8122,-0.696,9.3E-6,4.7262998,0.045849976,92.349771,0.936,2.2161575,0.008509,3.3874756,0.009638,0.27142776,0.74106316,0.011694268,93.373626,306.83477,1.442,1,,,,4.6105153E-6,1.3669187,22.337909,19.53955,0
20730427.41,,5905,5.1789,5.2017,-0.696,9.4E-6,5.1162101,0.048386704,104.36607,1.094,2.7535907,0.009951,4.0773175,0.01145,0.15529588,0.73928709,0.0067193439,95.985545,318.87748,1.542,1,,,,5.5397383E-6,1.4821263,26.175606,20.399098,0
20730453.56,,5905,5.17812,5.2078,-0.696,9.3E-6,5.1116813,0.048748932,105.39732,1.031,2.7477242,0.009932,4.0845309,0.01041,1.4416757,0.79266496,0.01165781,93.651612,317.55272,1.446,1,,,,5.190888E-6,1.4785742,26.129286,20.618915,0
20730481.88,,5905,5.18234,5.2085,-0.696,9.3E-6,5.1199509,0.051178125,107.48479,1.19,2.7552064,0.009956,4.1184894,0.01276,0.088590364,0.78798432,0.01107561,93.951038,315.99392,1.602,1,,,,5.2640148E-6,1.5853299,26.213897,20.993324,0
20730698.97,,5905,5.60573,5.6423,-0.696,9.1E-6,5.5332656,0.051058085,126.32665,1.327,3.4251508,0.01303,5.0274146,0.01391,0.14384884,0.82948253,0.010970957,94.189494,323.60245,1.569,1,,,,6.0993947E-6,1.5759686,30.617028,22.830397,0
20730728.25,,5905,5.60744,5.6404,-0.696,9.4E-6,5.536787,0.053217292,121.60806,1.876,3.4318874,0.01306,4.9743031,0.02197,0.026985932,0.84415643,0.014949215,92.238202,327.94345,2.187,1,,,,5.9411745E-6,1.6589651,30.656011,21.963652,0
20730758.27,,5905,5.60442,5.6467,-0.696,9.3E-6,5.5315161,0.054964152,128.1555,1.889,3.4249231,0.01303,5.0503832,0.02195,0.11708984,0.95676262,0.034565594,85.346571,321.95393,2.07,1,,,,5.3760839E-6,1.6883129,30.59767,23.168242,0
20731013.56,,5905,6.07714,6.0852,-0.696,9.4E-6,5.9890387,0.059184544,140.42063,1.599,4.264734,0.01701,6.0457588,0.01733,1.5684729,0.9258563,0.011388308,94.356109,338.12356,1.756,1,,,,6.5642313E-6,1.9135252,35.868585,23.446272,0
20731042.08,,5905,6.07714,6.0852,-0.696,9.4E-6,5.9885837,0.058212291,140.09598,1.605,4.2636832,0.01701,6.0405902,0.01743,0.83652155,0.92642281,0.011461578,94.320363,338.35883,1.766,1,,,,6.554741E-6,1.8517126,35.863135,23.393841,0
20731070.88,,5905,6.07718,6.0856,-0.696,9.3E-6,5.9887561,0.058332177,139.3989,1.595,4.2639379,0.01701,6.0320036,0.01731,2.1211678,0.92383937,0.009829755,95.073706,338.93165,1.767,1,,,,6.5586584E-6,1.8528456,35.8652,23.276771,0
20731298.89,,5905,6.57867,6.5878,-0.696,9.4E-6,6.4806366,0.059552031,166.05401,1.965,5.2708511,0.02109,7.3769968,0.02158,1.4331709,1.024821,0.013758171,93.761375,345.98966,1.855,1,,,,7.2379018E-6,1.8476787,41.99865,25.623102,0
20731327.17,,5905,6.5791,6.5877,-0.696,9.4E-6,6.4827739,0.062972648,167.07966,1.969,5.2761349,0.02111,7.3952894,0.0216,0.98120077,1.0207828,0.011788405,94.605219,345.39411,1.846,1,,,,7.2790449E-6,2.049642,42.026358,25.772865,0
20731355.75,,5905,6.5789,6.588,-0.696,9.3E-6,6.4828366,0.062882508,166.02657,1.97,5.2764133,0.02112,7.3822109,0.02166,1.1600246,1.023791,0.01401029,93.644003,346.12619,1.86,1,,,,7.2510414E-6,2.0415657,42.027171,25.610173,0
20731584.48,,5905,7.12104,7.1333,-0.696,9.3E-6,7.0162323,0.064220686,200.58641,2.67,6.5201696,0.03014,9.0643069,0.03034,2.4833797,1.135212,0.015379601,93.647743,351.72093,2.079,1,,,,8.0279393E-6,2.0475819,49.227516,28.588906,0
20731613.25,,5905,7.12165,7.1332,-0.696,9.4E-6,7.0187166,0.068259193,200.49712,2.676,6.5272764,0.03021,9.0702812,0.03042,2.5801724,1.1294623,0.013456114,94.374338,351.89769,2.085,1,,,,8.0687034E-6,2.2704239,49.262383,28.566066,0
20731642.45,,5905,7.12202,7.1335,-0.696,9.4E-6,7.0189871,0.068081252,199.88328,2.675,6.5279485,0.03021,9.0631677,0.03043,1.6114573,1.1301786,0.014050927,94.133891,352.27113,2.092,1,,,,8.0588325E-6,2.2589247,49.266181,28.477511,0
20731877.58,,5905,7.71032,7.7235,-0.696,9.4E-6,7.594871,0.069233764,242.22986,3.305,8.0271101,0.03741,11.099432,0.03777,1.5157326,1.2532989,0.016413101,93.800422,357.52503,2.157,1,,,,8.9016182E-6,2.2603572,57.682066,31.893874,0
20731908.08,,5905,7.71024,7.7238,-0.696,9.4E-6,7.5975677,0.073776175,242.38813,3.302,8.0360164,0.0374,11.110346,0.03773,1.5783819,1.2525152,0.016757713,93.67226,357.57411,2.155,1,,,,8.9169336E-6,2.5065979,57.723035,31.903386,0
20731937.08,,5905,7.71041,7.7244,-0.696,9.4E-6,7.5979897,0.073846194,242.06674,3.301,8.0372991,0.0374,11.107552,0.03772,1.2993933,1.2570043,0.017270734,93.507207,357.75216,2.157,1,,,,8.8840622E-6,2.5050305,57.729447,31.859315,0
20732173.78,,5905,8.3477,8.3628,-0.696,9.3E-6,8.2217554,0.07487548,300.08124,3.12,9.8176978,0.03173,13.623778,0.03254,1.6099764,1.3977767,0.018983477,93.616319,360.36846,1.731,1,,,,9.7993392E-6,2.5140087,67.597262,36.49844,0
20732204.84,,5905,8.34865,8.3629,-0.696,9.3E-6,8.2256114,0.080572968,298.78134,3.094,9.8216017,0.03172,13.611194,0.0322,1.1624212,1.3871202,0.017931252,93.8964,361.05958,1.728,1,,,,9.8626501E-6,2.7955534,67.660684,36.323299,0
20732235.59,,5905,8.34794,8.3631,-0.696,9.4E-6,8.225894,0.080048379,298.64875,3.094,9.821958,0.03172,13.609869,0.03222,1.3991382,1.3754143,0.015520434,94.636038,361.12541,1.73,1,,,,9.9390484E-6,2.7742405,67.665333,36.305932,0
20732479.36,,5905,9.0369,9.054,-0.696,9.4E-6,8.9001957,0.081351626,372.98836,3.775,11.990179,0.03824,16.720976,0.03884,1.9526533,1.5372382,0.018117635,94.46026,362.82424,1.703,1,,,,1.0928958E-5,2.7508285,79.213483,41.907883,0
20732510.89,,5905,9.038,9.0556,-0.696,9.4E-6,8.9039653,0.086604439,373.25178,3.791,12.005208,0.03833,16.739346,0.03908,1.5182995,1.5449857,0.019953773,93.954902,362.8925,1.708,1,,,,1.089112E-5,3.0744764,79.280598,41.919725,0
20732542.56,,5905,9.03848,9.0552,-0.696,9.4E-6,8.904512,0.086814041,373.64175,3.801,12.00721,0.03834,16.746294,0.03922,0.79263889,1.5451181,0.020706298,93.741525,362.78848,1.71,1,,,,1.0896937E-5,3.0899713,79.290334,41.960946,0
20732786.66,,5905,9.78364,9.8032,-0.696,9.4E-6,9.6353039,0.088327558,464.7837,5.136,14.614728,0.05402,20.509812,0.05501,1.3473327,1.7209372,0.022706499,93.88565,365.01457,1.848,1,,,,1.1982799E-5,3.0902362,92.839081,48.237576,0
20732820.09,,5905,9.78442,9.8035,-0.696,9.4E-6,9.6394608,0.094037083,465.50892,5.137,14.632224,0.05413,20.536505,0.055,1.4523826,1.7089229,0.020745793,94.352253,364.98231,1.845,1,,,,1.2077414E-5,3.4418744,92.919204,48.292008,0
20732853.97,,5905,9.78489,9.804,-0.696,9.1E-6,9.6402257,0.093517157,465.73609,5.139,14.634737,0.05414,20.541899,0.05502,1.5171444,1.7038318,0.020760398,94.333071,364.95192,1.845,1,,,,1.211693E-5,3.4178458,92.933952,48.311741,0
20733103.91,,5905,10.5929,10.6133,-0.696,9.4E-6,10.430809,0.094747458,591.31112,6.772,17.706626,0.07222,25.20652,0.07355,1.4439755,1.9150965,0.024296362,94.217898,364.67714,1.903,1,,,,1.3234443E-5,3.4076637,108.80178,56.688903,0
20733139.56,,5905,10.5929,10.6134,-0.696,9.4E-6,10.435341,0.10239744,590.57162,6.739,17.717062,0.07227,25.207576,0.07308,0.95916999,1.9136843,0.023809179,94.320585,364.98779,1.898,1,,,,1.3243198E-5,3.830193,108.89634,56.59342,0
20733175.53,,5905,10.5936,10.615,-0.696,9.3E-6,10.436147,0.1022874,591.20067,6.739,17.720068,0.07228,25.21856,0.07306,1.8845226,1.9095208,0.022034429,94.716433,364.88647,1.896,1,,,,1.3272646E-5,3.8273686,108.91316,56.649326,0
20733430.95,,5905,11.4683,11.4878,-0.696,9.4E-6,11.295561,0.10424514,757.22449,7.726,21.426737,0.07922,31.030992,0.07983,2.5291064,2.1409385,0.025478348,94.670561,363.65941,1.719,1,,,,1.4573216E-5,3.8190416,127.58969,67.037352,0
20733467.56,,5905,11.469,11.4877,-0.696,9.4E-6,11.30043,0.11131177,755.31907,7.749,21.451974,0.07921,31.032062,0.08028,0.67332696,2.1291618,0.024152922,94.90304,364.12184,1.729,1,,,,1.4650241E-5,4.281877,127.69971,66.839854,0
20733503.59,,5905,11.4695,11.4886,-0.696,9.3E-6,11.300682,0.11099687,756.6516,7.725,21.453113,0.07921,31.050102,0.07984,3.1126148,2.1350424,0.024378246,94.874127,363.91607,1.721,1,,,,1.4619018E-5,4.2583236,127.7054,66.95628,0
20733765.06,,5905,12.4145,12.4374,-0.696,9.3E-6,12.230178,0.11273866,972.72254,8.793,25.89929,0.08251,38.236815,0.08432,0.83687024,2.396282,0.026650269,95.107642,362.21384,1.536,1,,,,1.6043147E-5,4.2700849,149.57724,79.534622,0
20733804.47,,5905,12.4169,12.4388,-0.696,9.1E-6,12.235917,0.12168921,976.5613,8.8,25.920837,0.08257,38.307051,0.08417,1.0453952,2.4206858,0.027796596,94.960049,361.90836,1.53,1,,,,1.5913712E-5,4.792564,149.71766,79.811043,0
20733843.38,,5905,12.4179,12.4388,-0.696,9.3E-6,12.237278,0.12193825,976.94328,8.767,25.926972,0.08259,38.31803,0.08361,2.0223673,2.3976446,0.024986648,95.409437,361.90144,1.524,1,,,,1.606279E-5,4.8413715,149.75098,79.83338,0
20734113.17,,5905,13.4428,13.4647,-0.696,9.3E-6,13.242181,0.1229419,1264.958,11.28,31.254942,0.1056,47.299034,0.1071,2.141607,2.7169566,0.030453823,95.18393,359.30458,1.504,1,,,,1.7511335E-5,4.7952891,175.35537,95.524895,0
20734153.27,,5905,13.4433,13.4649,-0.696,9.4E-6,13.247644,0.13215515,1261.7302,11.28,31.290427,0.1058,47.29358,0.1072,2.3346379,2.7007868,0.029068656,95.363619,359.75905,1.509,1,,,,1.7609584E-5,5.4339132,175.50006,95.241859,0
20734193.34,,5905,13.4443,13.4674,-0.696,9.4E-6,13.248664,0.1316922,1265.6662,11.32,31.295415,0.1058,47.34849,0.1077,1.3008696,2.6996114,0.026351041,95.785042,359.41341,1.509,1,,,,1.7628597E-5,5.4015736,175.5271,95.531611,0
20734463.63,,5905,14.5503,14.5804,-0.696,9.4E-6,14.336865,0.13196274,1659.3941,15.06,37.622697,0.1425,58.669618,0.1448,2.1108642,3.0784538,0.03296561,95.499844,355.35808,1.512,1,,,,1.9174977E-5,5.3992228,205.5457,115.74316,0
20734506.67,,5905,14.5516,14.5814,-0.696,9.4E-6,14.344944,0.14357314,1662.7082,15.07,37.664248,0.1428,58.753204,0.1448,1.3765392,3.0722708,0.029412145,95.963617,355.32193,1.51,1,,,,1.9228348E-5,6.1569075,205.77741,115.90901,0
20734549.36,,5905,14.552,14.583,-0.696,9.4E-6,14.346019,0.14307898,1656.5936,15.03,37.669356,0.1428,58.680757,0.1445,5.6095215,3.043264,0.026874613,96.264355,355.78523,1.514,1,,,,1.9378971E-5,6.1445416,205.80825,115.4741,0
20734828.03,,5905,15.7538,15.7867,-0.696,9.4E-6,15.52688,0.1433171,2185.028,19.71,45.169128,0.1856,72.882926,0.1887,1.0928773,3.5191412,0.034715771,95.934283,351.1236,1.486,1,,,,2.0838611E-5,6.0865279,241.08399,140.72551,0
20734873.81,,5905,15.7563,15.789,-0.696,9.3E-6,15.533997,0.15668511,2190.8366,19.69,45.210597,0.1857,72.998068,0.188,4.1309524,3.5132465,0.032723155,96.15654,350.97381,1.48,1,,,,2.0899434E-5,7.0382823,241.30505,141.03496,0
20734919.27,,5905,15.7584,15.7888,-0.696,9.4E-6,15.535807,0.15643027,2183.7596,19.71,45.221506,0.1857,72.919216,0.1887,0.71631772,3.4928366,0.030422162,96.396848,351.39349,1.487,1,,,,2.0990371E-5,7.0264929,241.36129,140.563,0
20735205.22,,5905,17.0552,17.0858,-0.696,9.4E-6,16.811068,0.15692276,2865.4672,23.69,54.032994,0.2054,90.377141,0.2098,1.776233,4.0056163,0.035467146,96.406209,347.31535,1.351,1,,,,2.2699844E-5,6.9856732,282.61201,170.45123,0
20735254.05,,5905,17.0565,17.0873,-0.696,9.4E-6,16.819999,0.17057422,2866.4754,23.7,54.09175,0.2055,90.448686,0.2099,0.87095398,3.9928253,0.033256401,96.614151,347.45912,1.351,1,,,,2.2782155E-5,8.0112325,282.91238,170.42066,0
20735303.2,,5905,17.0583,17.0895,-0.696,9.4E-6,16.821219,0.17019102,2875.4667,23.7,54.100317,0.2055,90.571293,0.2093,2.1622088,3.9993795,0.032826971,96.664014,347.12174,1.346,1,,,,2.2774118E-5,7.9856506,282.95342,170.94282,0
20735600.25,,5905,18.4673,18.4984,-0.696,9.3E-6,18.208841,0.17091006,3762.9723,28.89,64.420974,0.2281,112.14863,0.2334,1.2902553,4.5715732,0.036118489,96.832995,343.52741,1.236,1,,,,2.4678214E-5,7.9987591,331.5619,206.65633,0
20735652.84,,5905,18.4685,18.5012,-0.696,9.3E-6,18.21735,0.18543093,3781.0717,29,64.483191,0.2283,112.44041,0.234,3.3052338,4.5820101,0.035461953,96.897951,343.13856,1.234,1,,,,2.4683568E-5,9.1431463,331.87183,207.55334,0
20735705.45,,5905,18.4709,18.4997,-0.696,9.4E-6,18.218351,0.18576296,3780.4189,29,64.491891,0.2283,112.44083,0.2341,1.6547061,4.5973569,0.036611582,96.80975,343.17718,1.234,1,,,,2.460546E-5,9.1640202,331.90832,207.50609,0
20736026.53,,5905,19.9892,20.0331,-0.696,9.4E-6,19.716341,0.1862921,4911.5566,36.04,76.452608,0.2584,138.74833,0.2703,1.1004827,5.2751257,0.041427329,96.8842,340.3527,1.163,1,,,,2.6474251E-5,9.1947137,388.73408,249.11096,0
20736084.16,,5905,19.9912,20.0362,-0.696,9.4E-6,19.728338,0.20271044,4929.5242,36.06,76.550655,0.2586,139.07426,0.269,1.1382197,5.2830402,0.040940757,96.925289,340.14528,1.158,1,,,,2.6494773E-5,10.550251,389.20732,249.87022,0
20736141.59,,5905,19.9942,20.039,-0.696,9.4E-6,19.730478,0.20280335,4928.4714,36.02,76.568055,0.2586,139.07831,0.2682,2.6489663,5.27421,0.040583392,96.94652,340.20642,1.157,1,,,,2.6538599E-5,10.56608,389.29178,249.78976,0
20736546.39,,5905,22.9964,23.0261,-0.696,9.3E-6,22.700132,0.2334006,7722.6712,52.19,102.7215,0.3034,200.67198,0.3197,2.3574955,6.6726672,0.043097284,97.44924,336.90335,1.034,1,,,,3.0262506E-5,13.17039,515.29599,340.2038,0
20736612.47,,5905,22.9967,23.0278,-0.696,9.4E-6,22.701738,0.2344299,7732.4004,52.29,102.73823,0.3035,200.81212,0.321,1.5259008,6.6969408,0.043046208,97.461367,336.78534,1.035,1,,,,3.017316E-5,13.345334,515.3689,340.6083,0
20736678.31,,5905,22.9987,23.0285,-0.696,9.4E-6,22.70279,0.23458794,7740.169,52.17,102.74775,0.3035,200.92017,0.3169,2.3662653,6.6817482,0.043147635,97.449777,336.68786,1.03,1,,,,3.0259101E-5,13.393882,515.41669,340.9347,0
20737068.95,,5905,26.2417,26.2876,-0.696,9.4E-6,25.906394,0.23519608,11469.473,77.3,134.23764,0.4395,279.71067,0.4694,0.76496534,8.4155336,0.055021773,97.411276,336.70704,1.037,1,,,,3.3477929E-5,13.363496,671.14127,442.72747,0
20737144,,5905,26.2444,26.2902,-0.696,9.4E-6,25.928912,0.2718512,11506.283,77.4,134.45902,0.441,280.39894,0.4668,3.1072031,8.3795333,0.049765762,97.645811,336.636,1.034,1,,,,3.3682216E-5,16.831067,672.3085,443.76265,0
20737219.17,,5905,26.2475,26.2904,-0.696,9.4E-6,25.930539,0.27101716,11492.299,77.26,134.47489,0.4412,280.23744,0.4651,2.7341529,8.3651788,0.051269718,97.571494,336.79512,1.034,1,,,,3.3727456E-5,16.759067,672.39287,443.19553,0
20737653.27,,5905,29.4948,29.5489,-0.696,9.4E-6,29.138837,0.27101162,15851.324,110.8,169.24821,0.6944,370.29845,0.748,0.34061287,10.187878,0.061204972,97.602581,339.37027,1.117,1,,,,3.6611749E-5,16.730358,849.0718,543.99302,0
20737741.28,,5905,29.5002,29.5438,-0.696,9.4E-6,29.162625,0.3061451,15937.064,110.2,169.48773,0.6959,371.62545,0.7236,1.5899339,10.111966,0.057708388,97.720588,339.02187,1.1,1,,,,3.7006148E-5,20.375756,850.45872,546.48934,0
20737827.58,,5905,29.503,29.5394,-0.696,9.4E-6,29.163122,0.30463438,15877.695,109.9,169.5065,0.696,370.89122,0.7226,3.6923029,10.049443,0.054791993,97.822257,339.46027,1.102,1,,,,3.7150213E-5,20.223932,850.4877,544.44428,0
20738284.17,,5905,32.7499,32.8025,-0.696,9.3E-6,32.380839,0.30333818,20915.671,144.4,207.63464,0.906,472.91851,0.9446,0.70697998,11.991399,0.069613715,97.662935,342.74178,1.133,1,,,,3.9736858E-5,20.098887,1048.5188,645.92738,0
20738381.98,,5905,32.7523,32.7972,-0.696,9.4E-6,32.404471,0.33922245,20917.552,143.8,207.89557,0.9073,473.2033,0.9294,3.8885244,11.858456,0.062942462,97.862006,342.98116,1.126,1,,,,4.0179807E-5,23.982797,1050.0497,645.51437,0
20738477.98,,5905,32.7555,32.7915,-0.696,9.4E-6,32.403,0.33679839,20922.649,144.2,207.87297,0.9072,473.24534,0.9368,0.55846421,11.840727,0.060845629,97.929531,342.93645,1.13,1,,,,4.023468E-5,23.716912,1049.9544,645.70099,0
20738998.38,,5905,36.0008,36.0552,-0.696,9.4E-6,35.614555,0.3387999,26278.644,178.1,248.73039,1.067,582.03551,1.101,1.0322481,13.661307,0.070648568,97.90181,347.80265,1.147,1,,,,4.2905672E-5,23.681454,1268.3965,737.86249,0
20739106,,5905,36.0033,36.0506,-0.696,9.3E-6,35.634059,0.37138228,26305.999,178.1,248.97656,1.067,582.62865,1.098,2.5778793,13.682036,0.071357615,97.884071,347.86371,1.146,1,,,,4.288695E-5,27.322613,1269.7861,738.2263,0
20739213.19,,5905,36.0063,36.0463,-0.696,9.4E-6,35.636444,0.37113816,26321.448,178.1,249.00336,1.067,582.85138,1.096,1.3039214,13.615722,0.066777069,98.009267,347.81398,1.144,1,,,,4.3093912E-5,27.364072,1269.9562,738.61038,0
20739815.83,,5905,39.2496,39.3055,-0.696,9.4E-6,38.841008,0.37415386,31912.725,213.4,292.31804,1.164,697.08302,1.262,0.14250529,15.467582,0.080434656,97.878824,353.52679,1.176,1,,,,4.5398387E-5,27.231444,1508.6239,821.62454,0
20739934.66,,5905,39.2516,39.3033,-0.696,9.4E-6,38.860575,0.40563046,32028.261,212,292.56186,1.164,698.79225,1.205,0.73923305,15.442316,0.076496418,97.977773,353.23486,1.156,1,,,,4.5568997E-5,30.935163,1510.1443,824.18392,0
20740052.81,,5905,39.2545,39.2997,-0.696,9.4E-6,38.862308,0.4052653,32009.268,211.9,292.58438,1.164,698.57386,1.205,0.43781214,15.414215,0.075600244,97.997927,353.32775,1.156,1,,,,4.5634382E-5,30.884631,1510.279,823.65843,0
20740724.58,,5905,42.5047,42.5375,-0.696,9.4E-6,42.077606,0.40792443,37766.237,246.9,340.08452,1.261,819.0925,1.331,0.25213935,17.025036,0.077383255,98.138868,359.64042,1.188,1,,,,4.8424525E-5,30.828429,1770.525,897.53767,0
20740851.84,,5905,42.5018,42.5408,-0.696,9.4E-6,42.086034,0.43520758,37859.751,248.8,340.20045,1.262,820.39453,1.374,0.089458031,17.089752,0.077682517,98.138032,359.37487,1.199,1,,,,4.8318531E-5,34.050072,1771.2342,899.57993,0
20740979.69,,5905,42.5004,42.5405,-0.696,9.3E-6,42.08485,0.4367039,37837.237,247.2,340.18865,1.262,820.09718,1.328,0.21129442,17.164687,0.080399988,98.081835,359.44594,1.186,1,,,,4.809965E-5,34.179504,1771.1346,899.07028,0
20741519.2,,5905,45.746,45.8018,-0.696,9.4E-6,45.303859,0.44079473,43904.303,282.6,391.29108,1.359,948.15122,1.41,2.2633599,18.953368,0.091975693,98.009978,365.3527,1.213,1,,,,5.0377557E-5,34.329374,2052.4397,969.10736,0
20741657.56,,5905,45.7488,45.8036,-0.696,9.3E-6,45.32218,0.47007993,43989.001,283,391.57626,1.36,949.51067,1.41,1.0338754,18.963007,0.088414464,98.087133,365.22386,1.213,1,,,,5.0410482E-5,37.906735,2054.1,970.58442,0
20741796.59,,5905,45.7489,45.8022,-0.696,9.4E-6,45.324959,0.4700663,43948.449,283.6,391.61988,1.36,949.03994,1.436,0.19781514,18.928045,0.087898034,98.095114,365.37861,1.22,1,,,,5.0476821E-5,37.926014,2054.3519,969.63019,0
20742407.55,,5905,48.994,49.0616,-0.696,9.3E-6,48.542061,0.47461457,50010.289,319.7,445.80902,1.462,1080.1144,1.536,0.93208062,20.783103,0.10136291,98.000097,371.62809,1.261,1,,,,5.2338364E-5,37.85609,2356.3317,1030.2465,0
20742557.94,,5905,49.006,49.0574,-0.696,9.3E-6,48.563697,0.50441693,50023.268,320,446.14893,1.462,1080.6189,1.543,0.3327839,20.701424,0.095813439,98.101727,371.75451,1.263,1,,,,5.2550055E-5,41.566206,2358.4327,1030.0548,0
20742707.34,,5905,48.9999,49.0489,-0.696,9.4E-6,48.563566,0.50260538,50001.738,321.3,446.13832,1.462,1080.3353,1.588,0.10968195,20.608904,0.09329327,98.143266,371.81857,1.274,1,,,,5.2764127E-5,41.402848,2358.4199,1029.6142,0
20743350.02,,5905,52.2547,52.2994,-0.696,9.3E-6,51.79109,0.50553436,56074.685,354.2,505.25855,1.524,1216.4817,1.573,1.3148445,22.251084,0.10142577,98.133788,378.17163,1.296,1,,,,5.5027692E-5,41.217808,2682.317,1082.7091,0
20743508.23,,5905,52.2544,52.2961,-0.696,9.3E-6,51.799056,0.53170314,56138.209,359.1,505.36187,1.524,1217.3907,1.73,0.052814872,22.169444,0.096157422,98.223423,378.04953,1.331,1,,,,5.5254258E-5,44.502168,2683.1422,1083.769,0
20743666.47,,5905,52.2493,52.2988,-0.696,9.3E-6,51.794683,0.53089456,56176.576,358.8,505.30926,1.524,1217.8247,1.714,0.056464959,22.291337,0.10188775,98.128126,377.90886,1.327,1,,,,5.4990587E-5,44.338888,2682.6892,1084.6012,0
20744178.97,,5905,55.4982,55.5537,-0.696,9.3E-6,55.019423,0.53823308,62318.443,391.2,569.28107,1.594,1359.6969,1.657,3.0372253,24.054921,0.11325181,98.077465,383.97252,1.346,1,,,,5.69009E-5,44.582673,3027.1369,1132.6626,0
20744347.45,,5905,55.4984,55.5558,-0.696,9.4E-6,55.035761,0.56540724,62375.474,394.8,569.59655,1.594,1360.7357,1.778,0.06964232,23.962201,0.10922759,98.138132,383.93316,1.371,1,,,,5.7152619E-5,48.109843,3028.935,1133.3626,0
20744540.84,,5905,55.4999,55.5557,-0.696,9.3E-6,55.034768,0.56456554,62406.361,392,569.5787,1.594,1361.1097,1.667,0.60623852,24.029206,0.11184755,98.09885,383.84323,1.347,1,,,,5.7016959E-5,47.924401,3028.8257,1133.9443,0
20745040.56,,5905,58.7531,58.8014,-0.696,9.4E-6,58.259671,0.57057808,68549.895,430.6,638.91438,1.743,1508.3668,1.835,0.68788968,25.767385,0.12645373,98.003283,389.71994,1.419,1,,,,5.8936068E-5,48.058412,3394.1893,1176.6269,0
20745245.14,,5905,58.7517,58.7991,-0.696,9.4E-6,58.273845,0.59783283,68519.023,430.7,639.20134,1.743,1508.2622,1.843,0.31106792,25.624668,0.11848728,98.118224,389.89428,1.421,1,,,,5.9236315E-5,51.53477,3395.841,1175.8109,0
20745423.47,,5905,58.7519,58.799,-0.696,9.4E-6,58.273681,0.59565817,68488.414,432.5,639.18785,1.743,1507.8605,1.917,0.073947765,25.56493,0.11535038,98.163617,389.97207,1.437,1,,,,5.9349474E-5,51.249336,3395.8219,1175.289,0
20745933.72,,5905,62.0005,62.0763,-0.696,9.3E-6,61.491655,0.60201225,74795.035,475.9,712.68316,1.85,1661.3458,2.22,0.11428679,27.694137,0.14538376,97.872509,395.12482,1.536,1,,,,6.0416531E-5,51.129859,3781.2236,1216.3445,0
20746125.13,,5905,62.0022,62.0619,-0.696,9.3E-6,61.519083,0.63211868,74714.66,472.6,713.24875,1.851,1660.892,2.119,0.045138653,27.151406,0.12242347,98.171357,395.50083,1.518,1,,,,6.1544119E-5,55.388274,3784.5976,1214.4957,0
20746340.59,,5905,62.0069,62.0536,-0.696,9.3E-6,61.511719,0.62516358,74693.972,468.7,713.08932,1.85,1660.4702,1.978,0.17768323,27.173578,0.12407126,98.148416,395.50494,1.49,1,,,,6.1483047E-5,54.302811,3783.6916,1214.3047,0
20746861.44,,5905,65.2489,65.3319,-0.696,9.4E-6,64.729878,0.63346012,80871.547,513,790.68154,1.921,1816.4156,2.343,0.10117726,29.307291,0.15619563,97.848491,400.67099,1.605,1,,,,6.2415207E-5,54.347155,4189.9571,1249.3697,0
20747062.61,,5905,65.2608,65.3127,-0.696,9.3E-6,64.758866,0.66384191,80810.678,507.3,791.31539,1.921,1816.2775,2.151,0.064235521,28.77455,0.12970336,98.178596,400.99756,1.569,1,,,,6.3495585E-5,58.614583,4193.7108,1247.8705,0
20747288.81,,5905,65.2537,65.3065,-0.696,9.4E-6,64.752715,0.65625104,80723.042,504,791.16878,1.921,1815.0193,2.041,0.21550808,28.680341,0.13035295,98.163787,401.17148,1.549,1,,,,6.3662856E-5,57.549101,4192.9141,1246.6356,0
20747823.73,,5905,68.4989,68.5728,-0.696,9.4E-6,67.965837,0.66259877,86752.498,541.8,872.55133,1.968,1972.8765,2.199,0.18555365,30.642094,0.15816412,97.92363,406.30042,1.628,1,,,,6.4811397E-5,57.360682,4619.3549,1276.4133,0
20748064.3,,5905,68.504,68.5726,-0.696,9.4E-6,67.991955,0.69214432,86792.397,538.6,873.16927,1.968,1974.0005,2.058,1.5687059,30.439192,0.15026399,98.013594,406.36214,1.602,1,,,,6.5261396E-5,61.284187,4622.906,1276.5098,0
20748302.23,,5905,68.5028,68.5596,-0.696,9.4E-6,67.99056,0.68868451,86730.379,539.2,873.1385,1.968,1973.1831,2.096,0.21556268,30.266838,0.13999123,98.138156,406.50057,1.61,1,,,,6.557911E-5,60.878384,4622.7162,1275.6238,0
20748846.69,,5905,71.7522,71.8051,-0.696,9.4E-6,71.214494,0.69493397,92350.899,576.2,957.75471,2.029,2129.0872,2.318,0.11966201,32.092101,0.16445187,97.945984,412.25793,1.706,1,,,,6.6766311E-5,60.533675,5071.5042,1296.7992,0
20749096.13,,5905,71.7535,71.8078,-0.696,9.4E-6,71.232198,0.72248791,92387.732,572.6,958.1888,2.029,2129.9884,2.159,0.21098825,31.839489,0.15342162,98.067649,412.27446,1.677,1,,,,6.7298593E-5,64.184202,5074.0261,1296.994,0
20749344.89,,5905,71.7521,71.8104,-0.696,9.4E-6,71.230112,0.71947307,92361.376,572.1,958.12293,2.029,2129.5883,2.146,0.28817638,31.845133,0.14994398,98.111509,412.32389,1.674,1,,,,6.7264632E-5,63.678977,5073.7288,1296.662,0
20749901.61,,5905,75.0007,75.0579,-0.696,9.4E-6,74.46628,0.72694584,97940.774,608.7,1046.4769,2.087,2288.7085,2.363,0.13615679,33.514764,0.17297037,97.937786,417.81749,1.772,1,,,,6.8715377E-5,63.690267,5545.2268,1315.2366,0
20750162.36,,5905,74.9974,75.0598,-0.696,9.1E-6,74.479974,0.75283223,98144.646,606.6,1046.8276,2.087,2291.645,2.225,0.24530261,33.396892,0.16439446,98.032031,417.42402,1.747,1,,,,6.9026985E-5,67.029529,5547.2666,1317.732,0
20750421.97,,5905,75.0043,75.0581,-0.696,9.4E-6,74.478846,0.75140355,98079.492,606.4,1046.7913,2.087,2290.7824,2.231,0.26754481,33.386581,0.16489287,98.025627,417.5679,1.748,1,,,,6.9023439E-5,66.793785,5547.0985,1316.8772,0
20750999.61,,5905,75.9959,76.0488,-0.696,9.4E-6,75.472465,0.75003471,99764.157,621.8,1074.9995,2.09,2340.358,2.479,0.044517035,33.70677,0.16409316,98.055387,419.23297,1.812,1,,,,6.9837378E-5,65.803266,5696.093,1321.8616,0
20751261.98,,5905,75.9967,76.0421,-0.696,9.3E-6,75.474447,0.75899359,99816.683,617,1075.0243,2.09,2341.049,2.264,0.19689962,33.819343,0.16664182,98.031856,419.12319,1.773,1,,,,6.9630657E-5,67.41354,5696.3922,1322.5229,0
20751524.13,,5905,76.0055,76.0471,-0.696,9.4E-6,75.476861,0.76031044,99798.748,616.6,1075.0957,2.09,2340.8929,2.252,0.18433572,33.805887,0.16541958,98.045449,419.17783,1.77,1,,,,6.9650743E-5,67.638686,5696.7566,1322.243,0
20752013.2,,5905,76.999,77.0375,-0.696,9.3E-6,76.468606,0.75928454,101406.55,624.4,1103.6995,2.089,2389.8892,2.191,0.81314426,34.232257,0.16769686,98.045025,420.96744,1.778,1,,,,7.0219143E-5,67.611774,5847.4476,1326.12,0
20752279.09,,5905,76.9943,77.0424,-0.696,9.4E-6,76.473091,0.76883447,101616.86,626.2,1103.8252,2.089,2392.6824,2.219,0.32783195,34.240395,0.16712233,98.051797,420.50976,1.783,1,,,,7.0283794E-5,68.464514,5848.1337,1328.7923,0
20752543.7,,5905,77.0034,77.0372,-0.696,9.4E-6,76.474732,0.76942294,101607.35,626.6,1103.8803,2.089,2392.617,2.24,0.39754491,34.311722,0.16905934,98.033488,420.54055,1.787,1,,,,7.0139608E-5,68.480789,5848.3846,1328.6395,0
20753036.09,,5905,78.0063,78.0283,-0.696,9.4E-6,77.466503,0.76926615,103234.62,634.5,1132.8952,2.083,2442.2713,2.175,4.1992867,34.723457,0.17319532,98.011163,422.24416,1.794,1,,,,7.0747218E-5,68.623445,6001.0591,1332.6355,0
20753304.88,,5905,77.9997,78.032,-0.696,9.3E-6,77.471273,0.7793597,103275.07,636.3,1133.0693,2.083,2442.9585,2.251,0.22443362,34.753317,0.1734265,98.010188,422.1776,1.808,1,,,,7.0706618E-5,69.446914,6001.7981,1333.0757,0
20753574.92,,5905,78.0073,78.0329,-0.696,9.4E-6,77.473054,0.77964449,103351.59,636.8,1133.0886,2.083,2443.9482,2.254,0.33869233,34.759837,0.17394243,98.004569,422.01235,1.809,1,,,,7.0723469E-5,69.506635,6002.0741,1334.0327,0
20754072.14,,5905,79.006,79.0146,-0.696,9.4E-6,78.46275,0.77840849,104876.36,643.7,1162.3685,2.072,2492.5676,2.167,1.2757293,35.073591,0.17102532,98.056861,423.89695,1.813,1,,,,7.146985E-5,69.519674,6156.4031,1336.6389,0
20754342.58,,5905,78.9915,79.0206,-0.696,9.4E-6,78.464743,0.78731195,104946.09,646.1,1162.4664,2.071,2493.5499,2.265,0.19380257,35.165522,0.17793305,97.984193,423.74848,1.83,1,,,,7.1326754E-5,70.147182,6156.7159,1337.4935,0
20754578.56,,5905,78.9979,79.0199,-0.696,9.3E-6,78.467616,0.78789336,105059.46,655,1162.5458,2.071,2495.0672,2.619,0.037344388,35.109049,0.17162137,98.051857,423.50526,1.893,1,,,,7.1470934E-5,70.331044,6157.1668,1338.8894,0
20755075.75,,5905,80.0037,79.9951,-0.696,9.3E-6,79.454767,0.78671407,106391.9,652.2,1192.0299,2.056,2541.4513,2.162,1.1139097,35.46578,0.17494681,98.036064,425.773,1.832,1,,,,7.2065981E-5,70.218097,6313.06,1339.0247,0
20755350.89,,5905,80.0001,80.0039,-0.696,9.3E-6,79.453919,0.79584347,106643.92,655.6,1192.0047,2.056,2544.6226,2.255,0.15215061,35.541712,0.17704798,98.016543,425.19355,1.848,1,,,,7.2006813E-5,70.931561,6312.9252,1342.2109,0
20755624.52,,5905,80.0021,80.0044,-0.696,9.3E-6,79.45609,0.79752566,106580.77,654.3,1192.0823,2.056,2543.8993,2.209,0.33431087,35.620684,0.18024064,97.985618,425.34911,1.84,1,,,,7.1833057E-5,71.083423,6313.2703,1341.3795,0
20756126.09,,5905,81.0043,80.9923,-0.696,9.3E-6,80.44964,0.7969467,108048.33,662.4,1221.9948,2.035,2592.4256,2.199,0.2992089,35.828713,0.1735146,98.072832,427.30054,1.858,1,,,,7.2755361E-5,71.241368,6472.1446,1343.0555,0
20756402.94,,5905,81,80.9916,-0.696,9.4E-6,80.44664,0.80509564,108186.37,664.7,1221.9072,2.035,2594.0889,2.27,0.12965484,35.973858,0.17801614,98.030991,426.96998,1.871,1,,,,7.2517677E-5,71.657426,6471.6619,1344.8215,0
20756644.59,,5905,81.0028,80.9855,-0.696,9.4E-6,80.45118,0.80669441,108226.37,673.3,1222.0491,2.035,2594.7381,2.638,0.035419242,35.96613,0.17799888,98.030727,426.90298,1.937,1,,,,7.2551564E-5,71.947715,6472.3924,1345.2428,0
20757147.27,,5905,82.005,81.9703,-0.696,9.4E-6,81.44382,0.80466509,109718.65,672.4,1252.224,2.01,2643.8403,2.218,0.26654789,36.12394,0.16803324,98.149439,428.75093,1.882,1,,,,7.3572151E-5,71.932261,6633.0957,1347.1697,0
20757426.84,,5905,81.9996,81.9744,-0.696,9.3E-6,81.438507,0.81261306,109937.87,675.6,1252.12,2.01,2646.5167,2.314,0.11234886,36.443695,0.18465036,97.985465,428.22416,1.899,1,,,,7.3035921E-5,72.24788,6632.2305,1349.9495,0
20757709.03,,5905,82.0015,81.9691,-0.696,9.4E-6,81.441826,0.81731178,110004.2,673.4,1252.2089,2.01,2647.447,2.186,0.26803994,36.530199,0.18844325,97.949209,428.09084,1.876,1,,,,7.2896474E-5,72.887389,6632.771,1350.709,0
20758221.22,,5905,83.0104,82.9535,-0.696,9.4E-6,82.440078,0.81611247,111326.96,682.8,1282.9002,1.98,2694.9154,2.28,0.13743644,36.561815,0.17617889,98.084634,430.31156,1.914,1,,,,7.4105539E-5,73.060398,6796.3664,1350.3985,0
20758504.56,,5905,83.0039,82.9585,-0.696,9.4E-6,82.43528,0.82278871,111586.77,682.7,1282.8063,1.98,2698.1169,2.203,0.20796353,36.910153,0.18980659,97.956826,429.69581,1.899,1,,,,7.3521302E-5,73.123629,6795.5755,1353.6288,0
20758789.27,,5905,83.0067,82.9519,-0.696,9.4E-6,82.438781,0.82700737,111611.45,683.2,1282.8881,1.98,2698.5117,2.219,0.1863721,36.875648,0.18746644,97.979902,429.65801,1.902,1,,,,7.3596034E-5,73.820305,6796.1525,1353.8707,0
20759299.59,,5905,84.0128,83.9405,-0.696,9.3E-6,83.434842,0.82414783,113130.58,695.3,1313.9088,1.945,2748.8003,2.384,0.097062898,36.930927,0.17070948,98.162804,431.37837,1.953,1,,,,7.481221E-5,73.751296,6961.3728,1355.9153,0
20759584.52,,5905,83.9986,83.9401,-0.696,9.3E-6,83.428037,0.83133431,113364.61,692,1313.7598,1.946,2751.6196,2.154,0.26634032,37.333093,0.18976234,97.981164,430.81211,1.911,1,,,,7.4121377E-5,73.861853,6960.2374,1358.8311,0
20759871.16,,5905,83.9992,83.9334,-0.696,9.3E-6,83.433463,0.83651535,113288.28,691.1,1313.9418,1.945,2750.8334,2.13,0.34940738,37.273881,0.18743222,98.002683,431.01324,1.907,1,,,,7.4213032E-5,74.666186,6961.1427,1357.8279,0
20760384.28,,5905,85.0044,84.9171,-0.696,9.4E-6,84.42621,0.83242049,114885.14,710,1345.3038,1.906,2802.4492,2.598,0.047387805,37.277818,0.17261317,98.160405,432.49807,2.012,1,,,,7.5560069E-5,74.547762,7127.785,1360.7757,0
20760669.64,,5905,85.0044,84.9164,-0.696,9.3E-6,84.420561,0.83961095,115226.79,702.6,1345.2037,1.906,2806.6825,2.154,0.26549983,37.823069,0.19780155,97.924258,431.69529,1.932,1,,,,7.4634327E-5,74.555636,7126.8312,1364.9138,0
20760959.72,,5905,85.0057,84.9028,-0.696,9.4E-6,84.425223,0.84618881,115138.52,702.3,1345.3178,1.906,2805.6771,2.16,0.16481696,37.646493,0.18806981,98.016386,431.91887,1.933,1,,,,7.4937596E-5,75.646137,7127.6183,1363.7929,0
20761475.78,,5905,86.0055,85.9103,-0.696,9.3E-6,85.419437,0.84094388,116628.21,719.9,1377.0996,1.858,2856.3533,2.598,0.049428873,37.635737,0.17192016,98.18572,433.61209,2.033,1,,,,7.6272565E-5,75.292987,7296.4802,1365.3592,0
20761765.13,,5905,86.0048,85.9003,-0.696,9.3E-6,85.411923,0.84805451,116998.36,712,1376.9432,1.858,2860.8917,2.112,0.23854159,38.224919,0.20006091,97.923471,432.73665,1.945,1,,,,7.5272901E-5,75.271474,7295.1965,1369.813,0
20762056.73,,5905,86.0049,85.8874,-0.696,9.1E-6,85.416906,0.85553993,116816.75,711.4,1377.0745,1.858,2858.7195,2.131,0.16441243,38.071428,0.19148013,98.003944,433.17246,1.949,1,,,,7.5501222E-5,76.449838,7296.0479,1367.6068,0
20762575.45,,5905,87.0007,86.885,-0.696,9.3E-6,86.411025,0.84990119,118328.87,738,1409.2135,1.803,2910.0375,2.957,0.038108048,37.938509,0.17203804,98.199516,434.77239,2.118,1,,,,7.7079844E-5,76.142855,7466.8652,1369.3724,0
20762868.11,,5905,87.0108,86.883,-0.696,9.3E-6,86.403278,0.8558526,118681.42,720.4,1409.0485,1.803,2914.344,2.038,0.24659828,38.576246,0.20256358,97.917542,433.93646,1.954,1,,,,7.5978554E-5,75.877018,7465.5264,1373.5754,0
20763165.03,,5905,87.0021,86.8593,-0.696,9.3E-6,86.407321,0.86378031,118504.28,722.7,1409.1471,1.803,2912.1959,2.221,0.091846731,38.387458,0.18999511,98.036202,434.35697,1.987,1,,,,7.6270041E-5,77.152491,7466.2251,1371.4611,0
20763683.55,,5905,88.0048,87.8707,-0.696,9.4E-6,87.394843,0.85888413,119778.07,750.9,1441.5637,1.746,2960.7686,3.146,0.023697559,38.328498,0.17591889,98.178547,436.42168,2.174,1,,,,7.7626253E-5,76.774916,7637.8586,1370.5394,0
20763977.84,,5905,88.0026,87.851,-0.696,9.4E-6,87.391405,0.8661469,120042.87,728.5,1441.5359,1.746,2964.0994,2.049,0.145864,38.932275,0.1992051,97.971237,435.80505,1.978,1,,,,7.6552899E-5,76.656996,7637.2576,1373.6233,0
20764277.14,,5905,88.0084,87.8389,-0.696,9.4E-6,87.390515,0.87320394,119883.21,732,1441.4336,1.746,2961.972,2.289,0.051644991,38.716335,0.19342409,98.018778,436.16193,2.021,1,,,,7.6914024E-5,77.864551,7637.1022,1371.8103,0
20764801.75,,5905,89.0083,88.8412,-0.696,9.3E-6,88.3835,0.86840519,120808.74,768.3,1474.5241,1.691,3006.8015,3.57,0.025855357,38.49029,0.16704309,98.27768,439.00467,2.273,1,,,,7.8475531E-5,77.43267,7811.643,1366.8699,0
20765096.91,,5905,88.9971,88.8299,-0.696,9.4E-6,88.373189,0.87430589,120988.35,731.6,1474.2778,1.691,3008.8333,1.913,0.21508975,39.210247,0.20265523,97.951946,438.54512,1.975,1,,,,7.7155418E-5,76.980581,7809.8205,1369.0617,0
20765396.42,,5905,88.9965,88.8154,-0.696,9.4E-6,88.375221,0.88313806,121006.68,734.8,1474.3349,1.691,3009.1229,2.091,0.075464997,39.152721,0.20411263,97.934352,438.51355,2.007,1,,,,7.7279969E-5,78.420493,7810.1797,1369.2376,0
20765962.02,,5905,90.0077,89.813,-0.696,9.4E-6,89.367093,0.88183699,121786.74,761.7,1507.9656,1.642,3052.6474,3.129,0.013356262,39.066848,0.18676931,98.104966,441.64782,2.216,1,,,,7.8527414E-5,78.305441,7986.4773,1362.7694,0
20766261.13,,5905,90.0074,89.7882,-0.696,9.3E-6,89.363307,0.88736087,121858.33,738.7,1507.8933,1.643,3053.4831,2.037,0.073132889,39.405948,0.20260826,97.963317,441.46555,2.02,1,,,,7.7902771E-5,78.133697,7985.8006,1363.6282,0
20766561.13,,5905,90.0002,89.7832,-0.696,9.4E-6,89.360224,0.89116685,121670.77,741.6,1507.78,1.643,3050.991,2.257,0.051831675,39.20582,0.19393096,98.03993,441.87896,2.059,1,,,,7.8219878E-5,78.811897,7985.2496,1361.5764,0
20767127.3,,5905,91.0079,90.7852,-0.696,9.4E-6,90.359912,0.88705507,122337.19,776.7,1542.2502,1.6,3093.9137,3.571,0.030998888,38.89882,0.16274344,98.340194,445.2848,2.32,1,,,,7.9876552E-5,78.411641,8164.9138,1353.8878,0
20767426.42,,5905,91.0025,90.7843,-0.696,9.4E-6,90.345953,0.89146522,122853.58,742.8,1541.9324,1.6,3100.1456,1.935,0.11898904,39.83062,0.21293391,97.883749,444.02953,2.023,1,,,,7.8260642E-5,77.797639,8162.3912,1359.8128,0
20767731.78,,5905,91.0052,90.7683,-0.696,9.3E-6,90.351597,0.9038339,122694.16,743.4,1542.0769,1.6,3098.2681,2.03,0.085902965,39.694716,0.20718195,97.933406,444.42314,2.041,1,,,,7.8470124E-5,79.66124,8163.4111,1357.9634,0
20768342.89,,5905,92.0086,91.7704,-0.696,9.4E-6,91.346491,0.90171211,123680.73,763.3,1576.9883,1.56,3145.6926,2.753,0.022096791,39.708472,0.19381047,98.066487,447.03407,2.194,1,,,,7.9610024E-5,79.389432,8344.1814,1353.9735,0
20768647.11,,5905,92.0094,91.7506,-0.696,9.3E-6,91.343923,0.90837513,123643.43,748.4,1576.958,1.56,3145.1892,2.002,0.082997136,39.996863,0.2107702,97.914048,447.10753,2.058,1,,,,7.9054608E-5,79.416944,8343.7122,1353.6032,0
20768953.66,,5905,92.0003,91.7319,-0.696,9.4E-6,91.339749,0.91126809,123490.57,750,1576.7524,1.56,3143.0449,2.142,0.05959329,39.76743,0.19960317,98.012209,447.43987,2.083,1,,,,7.9435741E-5,79.993726,8342.9498,1351.9916,0
20769565.92,,5905,93.0049,92.7419,-0.696,9.4E-6,92.340464,0.90681369,124575.75,782.3,1612.4037,1.524,3192.46,3.322,0.025575387,39.690697,0.17987586,98.203542,449.81796,2.322,1,,,,8.0795537E-5,79.53486,8526.7613,1349.0917,0
20769869.64,,5905,93.0079,92.7328,-0.696,9.3E-6,92.332484,0.91361847,124818.77,753.5,1612.2263,1.524,3195.3649,1.893,0.14780948,40.358919,0.21764239,97.866003,449.21636,2.06,1,,,,7.959979E-5,79.381394,8525.2877,1351.8403,0
20770177.66,,5905,93.0024,92.722,-0.696,9.4E-6,92.334296,0.92221862,124862.96,756.4,1612.2703,1.524,3195.9693,2.055,0.090523733,40.291642,0.21068326,97.930116,449.12296,2.09,1,,,,7.9734754E-5,80.717837,8525.6221,1352.2923,0
20770792.59,,5905,94.0133,93.733,-0.696,9.4E-6,93.337099,0.92005154,126195.14,785.2,1648.4502,1.49,3249.046,3.079,0.017713882,40.345892,0.2018646,98.018493,450.89916,2.3,1,,,,8.0926872E-5,80.583284,8711.8141,1352.0363,0
20771101.38,,5905,94.0116,93.706,-0.696,9.4E-6,93.333317,0.92696399,126138.53,765.4,1648.36,1.49,3248.2378,2.15,0.067017507,40.547416,0.20739933,97.974733,451.01215,2.13,1,,,,8.0513416E-5,80.691783,8711.108,1351.4845,0
20771411.09,,5905,93.996,93.7017,-0.696,9.3E-6,93.325669,0.92890227,126058.05,769.2,1648.0314,1.491,3246.8884,2.383,0.049111487,40.401674,0.20355059,98.004834,451.16184,2.173,1,,,,8.0763935E-5,81.094831,8709.6804,1350.7329,0
20772028.42,,5905,94.9989,94.7026,-0.696,9.3E-6,94.329855,0.92451709,127522.59,809.2,1684.6989,1.46,3302.1314,3.708,0.01940207,40.358669,0.18709738,98.162501,452.5982,2.438,1,,,,8.2188804E-5,80.803347,8898.1216,1351.8794,0
20772337.39,,5905,95.0057,94.6954,-0.696,9.3E-6,94.320484,0.93186057,127726.72,771.2,1684.463,1.46,3304.4846,1.947,0.15532855,40.989866,0.22175697,97.859047,452.07935,2.116,1,,,,8.1043334E-5,80.717338,8896.3537,1354.178,0
20772649.13,,5905,95.0058,94.6773,-0.696,9.3E-6,94.322331,0.94059504,127547.73,769.2,1684.5156,1.46,3302.267,1.883,0.17329021,40.942181,0.2203479,97.870024,452.50368,2.104,1,,,,8.108041E-5,81.979732,8896.7021,1352.2539,0
20773272.42,,5905,96.0128,95.694,-0.696,9.4E-6,95.323291,0.93804921,129262.61,801.7,1721.4296,1.431,3360.9316,3.048,0.021624543,41.02943,0.20720708,97.99976,453.30198,2.341,1,,,,8.2315026E-5,81.884361,9086.5298,1356.0443,0
20773586.27,,5905,96.0066,95.6606,-0.696,9.4E-6,95.319821,0.94482447,129256.15,784.2,1721.2971,1.432,3360.7172,2.197,0.064927841,41.168069,0.21086872,97.971567,453.30047,2.185,1,,,,8.2038362E-5,82.058861,9085.8682,1356.0259,0
20773901.22,,5905,95.9986,95.6634,-0.696,9.4E-6,95.310288,0.94635314,129187.92,782.9,1720.9444,1.432,3359.4991,2.144,0.073371954,41.116513,0.20985112,97.97874,453.41362,2.175,1,,,,8.2109855E-5,82.336138,9084.0509,1355.4457,0
20774565.53,,5905,97.0066,96.6723,-0.696,9.4E-6,96.308098,0.94431874,130881.9,815.8,1758.1712,1.405,3418.2115,3.252,0.019158662,41.25411,0.19958557,98.082713,454.20449,2.402,1,,,,8.3241344E-5,82.233027,9275.2498,1358.9916,0
20774879.72,,5905,97.0076,96.648,-0.696,9.4E-6,96.303283,0.95270714,130962.18,789.7,1758.0725,1.405,3419.1311,1.927,0.12476805,41.63714,0.21998499,97.908139,453.9953,2.159,1,,,,8.253363E-5,82.508221,9274.3224,1359.8932,0
20775196.39,,5905,97.0027,96.6393,-0.696,9.4E-6,96.303449,0.95782959,130794.64,789.5,1758.0488,1.405,3416.9824,1.981,0.097190839,41.568448,0.22092843,97.895784,454.38533,2.169,1,,,,8.2620047E-5,83.274281,9274.3542,1358.1512,0
20775827.05,,5905,98.0214,97.6593,-0.696,9.4E-6,97.312231,0.95767501,132238.26,805.1,1796.1966,1.382,3473.4403,2.404,0.04070637,41.868668,0.2154658,97.961362,455.76884,2.27,1,,,,8.3365023E-5,83.136897,9469.6703,1358.9069,0
20776145.84,,5905,98.0113,97.6289,-0.696,9.3E-6,97.305311,0.96553517,132189.38,805,1795.9525,1.382,3472.5762,2.414,0.050584584,41.768039,0.21065926,98.001598,455.85028,2.272,1,,,,8.3536775E-5,83.737336,9468.3235,1358.5012,0
20776464.33,,5905,97.997,97.6281,-0.696,9.4E-6,97.293048,0.9644887,132284.77,801.8,1795.5021,1.383,3473.3357,2.203,0.057695918,41.895117,0.22231723,97.898604,455.57074,2.233,1,,,,8.3322989E-5,83.536079,9465.9372,1359.6528,0
20777138.95,,5905,99.0074,98.6368,-0.696,9.3E-6,98.297883,0.96533443,133516.31,832.9,1833.9943,1.366,3527.4481,3.345,0.022706225,41.848549,0.20004955,98.104283,457.39014,2.467,1,,,,8.4668019E-5,83.790233,9662.4739,1358.2826,0
20777458.64,,5905,99.0086,98.6215,-0.696,9.3E-6,98.292606,0.97184526,133600.83,803.1,1833.8826,1.366,3528.4085,1.792,0.23076674,42.331593,0.22831071,97.863968,457.1683,2.181,1,,,,8.3773549E-5,83.697097,9661.4363,1359.2155,0
20777780.3,,5905,99.0015,98.6122,-0.696,9.4E-6,98.293691,0.97812162,133774.24,808.5,1833.9014,1.366,3530.6267,2.087,0.083057878,42.338533,0.22515717,97.89356,456.7689,2.236,1,,,,8.3807026E-5,84.663186,9661.6498,1360.9647,0
20778417.42,,5905,100.02,99.6456,-0.696,9.1E-6,99.307344,0.97803824,134717.59,828.3,1873.3175,1.357,3582.0079,2.855,0.050812272,42.218911,0.19424543,98.173987,459.26353,2.402,1,,,,8.5204437E-5,84.677066,9861.9485,1356.5723,0
20778739.34,,5905,100.016,99.5969,-0.696,9.3E-6,99.295395,0.98058994,135561.65,824.9,1872.9198,1.357,3592.3158,2.439,0.048319565,42.642434,0.221058,97.945584,457.23602,2.325,1,,,,8.4649665E-5,84.437821,9859.5756,1365.236,0
20779064.41,,5905,99.9994,99.6033,-0.696,9.4E-6,99.289039,0.98806321,135035.61,814.8,1872.6525,1.357,3585.3764,2.027,0.15020268,42.626923,0.2211138,97.944075,458.43472,2.249,1,,,,8.4515606E-5,85.284868,9858.3133,1360.0254,0
20779822.72,,5905,100.005,99.6079,-0.696,9.3E-6,99.318754,1.0192964,133960.02,804.6,1873.7563,1.357,3572.8379,1.751,0.82171731,42.245515,0.20684145,98.057598,461.09498,2.197,1,,,,8.4953933E-5,89.083192,9864.2148,1348.7888,0
20780538.28,,5905,103.207,102.841,-0.696,9.3E-6,102.48171,0.98985126,139718.5,856.8,2001.2793,1.376,3773.3986,2.852,0.031516891,43.315101,0.21950991,97.988141,462.02144,2.481,1,,,,8.7511592E-5,84.491029,10502.502,1363.3505,0
20781348.81,,5905,106.412,105.97,-0.696,9.4E-6,105.6582,1.0181378,144592.39,906.1,2132.255,1.473,3966.1923,3.783,0.025244517,44.037046,0.21310905,98.074604,464.67586,2.737,1,,,,9.0444791E-5,86.630202,11163.656,1368.4918,0
20782079.83,,5905,109.606,109.227,-0.696,9.4E-6,108.89969,1.0461,148996.19,912.3,2268.8672,1.618,4158.6601,2.975,0.10287514,45.065771,0.21234857,98.120291,468.31314,2.672,1,,,,9.2646587E-5,88.074093,11859.142,1368.1967,0
20782822.63,,5905,112.807,112.394,-0.696,9.4E-6,112.07958,1.0747432,153364.14,983.7,2409.8569,1.578,4355.0507,4.817,0.042022856,45.59271,0.19543973,98.283419,471.359,3.11,1,,,,9.5855034E-5,90.131543,12561.831,1368.3505,0
20783474.33,,5905,116.013,115.665,-0.696,9.1E-6,115.32051,1.0974078,157843.32,1030,2554.6834,1.555,4556.6888,5.512,0.0467998,46.238114,0.17525795,98.475582,473.99301,3.339,1,,,,9.8843932E-5,91.185421,13298.821,1368.7358,0
20784131.52,,5905,119.219,118.819,-0.696,9.3E-6,118.50406,1.1244088,161582.77,1054,2695.337,1.639,4744.7717,5.633,0.050883625,46.858983,0.18246406,98.428615,477.80032,3.46,1,,,,0.00010155917,92.476228,14043.211,1363.521,0
20784790.48,,5905,122.412,122.128,-0.696,9.4E-6,121.72145,1.1513331,167914.11,1073,2841.9494,1.842,4971.6877,5.132,0.019586774,48.598234,0.23100581,98.082286,474.93856,3.47,1,,,,0.00010267062,93.717967,14816.111,1379.4949,0
20785463.67,,5905,125.61,125.32,-0.696,9.3E-6,124.91029,1.1953107,171372.75,1066,2991.7427,2.181,5165.3486,4.151,0.03585157,49.347848,0.2453836,97.98624,478.65362,3.378,1,,,,0.00010505505,97.196469,15602.581,1371.9666,0
20786140.89,,5905,128.799,128.607,-0.696,9.4E-6,128.12205,1.225601,175245.34,1081,3144.7285,2.59,5367.4524,3.879,0.032255757,50.392282,0.27126643,97.813051,481.05376,3.429,1,,,,0.000106924,98.695696,16415.259,1367.8,0
20786824.06,,5905,132.015,131.786,-0.696,9.3E-6,131.2967,1.2584047,178961.44,1099,3295.1991,2.983,5565.0562,3.728,0.063871941,51.023209,0.28520727,97.720598,483.33944,3.503,1,,,,0.00010949475,100.78456,17238.824,1363.0307,0
20787514.73,,5905,135.21,135.077,-0.696,9.3E-6,134.50387,1.2916287,182579.41,1118,3444.0276,3.296,5759.7732,3.63,0.32007307,52.325183,0.33314836,97.39806,485.63263,3.592,1,,,,0.00011055491,102.04642,18091.292,1357.4287,0
20788215.36,,5905,138.406,138.263,-0.696,9.4E-6,137.66941,1.3289864,186378.62,1140,3587.5135,3.502,5951.4463,3.643,1.0385614,52.583769,0.30046832,97.651712,486.9314,3.706,1,,,,0.00011361217,104.65037,18952.867,1353.8128,0
20788920.81,,5905,141.604,141.521,-0.696,9.4E-6,140.8467,1.3547831,190474.58,1168,3730.1487,3.67,6146.0327,3.897,0.35145321,53.64011,0.35281042,97.294325,487.09512,3.878,1,,,,0.00011507465,105.16754,19837.792,1352.3539,0
20789629.78,,5905,144.801,144.76,-0.696,9.4E-6,144.07486,1.3954569,192406.09,1192,3874.3398,3.863,6314.722,4.498,0.091549325,53.933496,0.32105945,97.532682,492.95062,4.115,1,,,,0.00011752851,107.28022,20757.565,1335.4591,0
20790345.56,,5905,148.006,148.006,-0.696,9.3E-6,147.23639,1.4220021,196553.11,1211,4016.0843,4.138,6509.0653,4.285,8.5037045,54.981527,0.38949195,97.064184,492.18598,4.196,1,,,,0.00011891543,107.86699,21678.556,1334.9492,0
